d.105.1.	[3, 1, 2]
d.230.1.	[3, 3]
a.24.29.	[2, 1, 1]
a.7.17.	[2, 2]
b.1.2.	[157, 39, 118]
c.98.1.	[2, 2]
a.8.3.	[5, 1, 1, 2, 1]
d.123.1.	[1, 1]
e.7.1.	[26, 1, 7, 18]
d.266.1.	[1, 1]
d.58.23.	[2, 2]
d.144.1.	[258, 1, 129, 119, 5, 1, 1, 1, 1]
d.292.1.	[1, 1]
d.26.1.	[58, 1, 3, 29, 25]
c.1.21.	[10, 3, 5, 2]
d.9.1.	[58, 52, 6]
g.9.1.	[32, 1, 2, 29]
b.1.14.	[7, 1, 6]
b.68.7.	[1, 1]
a.253.1.	[1, 1]
a.118.25.	[1, 1]
b.34.19.	[2, 2]
c.1.18.	[17, 4, 2, 2, 9]
d.294.1.	[4, 3, 1]
a.71.1.	[2, 2]
g.7.1.	[60, 4, 38, 1, 17]
g.5.1.	[2, 1, 1]
a.24.12.	[4, 3, 1]
b.34.17.	[1, 1]
a.5.2.	[50, 6, 3, 4, 34, 3]
b.68.9.	[2, 2]
a.16.1.	[13, 6, 3, 4]
d.107.1.	[5, 1, 1, 2, 1]
d.140.1.	[5, 5]
a.205.1.	[1, 1]
b.136.1.	[6, 1, 1, 4]
c.56.1.	[2, 1, 1]
c.5.1.	[4, 2, 2]
d.296.1.	[2, 1, 1]
c.52.2.	[4, 4]
b.134.1.	[2, 2]
g.3.1.	[20, 3, 16, 1]
a.137.9.	[2, 2]
e.77.1.	[2, 2]
a.228.1.	[1, 1]
d.236.1.	[1, 1]
e.1.1.	[38, 16, 22]
d.79.4.	[19, 7, 12]
b.179.1.	[6, 3, 3]
d.268.1.	[6, 1, 1, 1, 3]
d.82.5.	[1, 1]
b.77.3.	[10, 7, 3]
d.58.17.	[34, 15, 19]
b.69.7.	[5, 3, 1, 1]
g.41.17.	[3, 3]
a.134.1.	[2, 2]
e.3.1.	[82, 2, 4, 25, 51]
a.110.1.	[2, 2]
f.23.28.	[3, 3]
b.82.3.	[42, 1, 14, 1, 26]
d.282.1.	[1, 1]
a.10.1.	[5, 5]
d.109.1.	[50, 17, 12, 21]
a.136.1.	[3, 3]
a.265.1.	[3, 3]
f.43.1.	[1, 1]
d.212.1.	[6, 3, 3]
g.3.15.	[11, 1, 4, 6]
a.12.1.	[2, 2]
d.38.1.	[92, 3, 3, 30, 19, 4, 2, 10, 17, 4]
a.130.1.	[9, 1, 1, 1, 5, 1]
a.267.1.	[1, 1]
a.29.17.	[1, 1]
c.8.6.	[2, 2]
a.23.6.	[2, 1, 1]
d.129.2.	[4, 4]
d.226.1.	[1, 1]
d.337.1.	[1, 1]
d.154.1.	[4, 2, 1, 1]
d.156.1.	[4, 1, 1, 2]
a.137.7.	[2, 2]
d.58.36.	[14, 4, 6, 4]
g.1.1.	[22, 22]
d.280.1.	[2, 2]
f.1.5.	[1, 1]
d.58.46.	[1, 1]
d.67.1.	[5, 3, 2]
c.9.2.	[1, 1]
d.364.1.	[1, 1]
d.58.4.	[60, 1, 1, 2, 1, 1, 3, 2, 1, 5, 2, 2, 1, 2, 1, 1, 1, 5, 3, 1, 1, 1, 17, 1, 4]
b.120.1.	[1, 1]
d.214.1.	[1, 1]
d.260.1.	[1, 1]
d.241.1.	[3, 2, 1]
b.80.7.	[5, 4, 1]
a.246.1.	[2, 2]
d.152.1.	[2, 2]
d.65.1.	[9, 1, 5, 1, 1, 1]
d.41.2.	[17, 6, 7, 4]
b.14.1.	[3, 3]
a.5.1.	[3, 3]
d.63.1.	[9, 6, 2, 1]
b.3.7.	[1, 1]
a.179.1.	[1, 1]
b.61.7.	[3, 3]
b.1.19.	[1, 1]
d.366.1.	[2, 2]
b.38.2.	[1, 1]
d.58.54.	[2, 1, 1]
a.132.1.	[24, 2, 6, 8, 6, 2]
b.49.1.	[13, 6, 7]
d.160.1.	[8, 2, 3, 3]
a.5.10.	[1, 1]
d.11.1.	[5, 5]
a.128.1.	[39, 3, 1, 25, 7, 1, 2]
a.124.1.	[7, 2, 4, 1]
a.126.1.	[21, 12, 9]
a.60.15.	[2, 2]
a.255.1.	[1, 1]
b.16.1.	[5, 5]
d.188.1.	[4, 4]
c.19.1.	[4, 2, 1, 1]
d.24.1.	[19, 2, 2, 2, 1, 5, 3, 2, 2]
d.216.1.	[2, 1, 1]
a.48.3.	[2, 2]
g.58.1.	[1, 1]
d.142.1.	[51, 3, 1, 3, 2, 2, 2, 4, 21, 3, 10]
d.28.1.	[2, 2]
d.52.4.	[1, 1]
a.2.18.	[1, 1]
c.78.2.	[9, 4, 5]
a.60.5.	[1, 1]
e.76.1.	[2, 1, 1]
d.61.1.	[10, 1, 4, 1, 1, 3]
d.360.1.	[1, 1]
d.52.8.	[9, 2, 3, 4]
a.238.1.	[17, 6, 6, 1, 2, 2]
a.268.1.	[3, 3]
d.303.1.	[5, 1, 4]
b.1.1.	[1710, 11, 161, 810, 639, 89]
d.129.11.	[2, 1, 1]
a.118.24.	[1, 1]
a.24.28.	[2, 1, 1]
a.7.16.	[1, 1]
d.81.2.	[2, 1, 1]
d.248.2.	[2, 2]
b.69.6.	[1, 1]
d.376.1.	[1, 1]
d.121.1.	[1, 1]
d.254.1.	[6, 4, 2]
c.1.22.	[12, 5, 5, 2]
a.28.3.	[14, 3, 9, 2]
b.34.7.	[4, 1, 3]
b.158.1.	[1, 1]
c.56.2.	[65, 33, 32]
c.23.8.	[12, 7, 5]
b.73.1.	[1, 1]
b.34.14.	[6, 6]
a.24.13.	[13, 4, 9]
d.92.2.	[9, 4, 1, 2, 2]
c.1.15.	[24, 2, 10, 3, 3, 1, 1, 3, 1]
c.47.2.	[1, 1]
a.8.2.	[1, 1]
a.29.5.	[5, 2, 3]
d.206.1.	[2, 2]
a.116.1.	[12, 2, 4, 6]
b.49.2.	[11, 8, 3]
a.120.1.	[1, 1]
f.18.1.	[1, 1]
a.20.1.	[6, 4, 2]
d.58.14.	[5, 5]
d.204.1.	[7, 3, 4]
g.3.2.	[15, 15]
c.52.3.	[1, 1]
d.321.1.	[3, 1, 2]
d.235.1.	[4, 1, 1, 2]
a.7.5.	[2, 2]
b.121.1.	[4, 2, 2]
d.79.5.	[12, 7, 5]
d.374.1.	[1, 1]
d.127.1.	[14, 3, 11]
g.13.1.	[12, 12]
a.114.1.	[4, 1, 3]
f.47.1.	[1, 1]
d.125.1.	[1, 1]
e.68.1.	[1, 1]
d.198.1.	[16, 2, 13, 1]
b.51.1.	[4, 4]
d.150.1.	[13, 9, 2, 2]
g.11.1.	[1, 1]
b.82.4.	[1, 1]
f.23.27.	[3, 3]
d.49.1.	[5, 1, 4]
f.33.1.	[1, 1]
a.10.2.	[1, 1]
d.386.1.	[1, 1]
f.31.1.	[1, 1]
d.109.2.	[2, 2]
c.151.1.	[3, 3]
c.8.5.	[13, 4, 8, 1]
g.3.14.	[4, 3, 1]
e.37.1.	[2, 2]
f.23.38.	[2, 2]
a.29.16.	[2, 2]
c.153.1.	[1, 1]
d.129.3.	[69, 4, 7, 21, 13, 3, 1, 2, 12, 2, 3, 1]
b.61.4.	[2, 2]
b.162.1.	[1, 1]
a.254.1.	[1, 1]
a.137.4.	[1, 1]
f.37.1.	[2, 2]
d.96.2.	[2, 1, 1]
b.88.2.	[6, 1, 5]
e.35.1.	[1, 1]
c.110.1.	[6, 3, 3]
c.134.1.	[3, 2, 1]
d.58.3.	[16, 6, 1, 1, 8]
f.23.12.	[6, 4, 2]
e.40.1.	[2, 2]
d.348.1.	[6, 6]
g.85.1.	[7, 1, 6]
b.80.4.	[2, 2]
c.112.1.	[1, 1]
a.108.1.	[7, 7]
a.1.1.	[214, 1, 27, 9, 128, 49]
e.41.1.	[1, 1]
a.24.1.	[1, 1]
a.208.1.	[3, 2, 1]
d.41.5.	[6, 4, 2]
b.119.1.	[1, 1]
d.97.1.	[6, 6]
b.98.1.	[8, 4, 4]
b.38.1.	[56, 1, 2, 8, 20, 17, 7, 1]
b.3.6.	[8, 2, 6]
a.32.1.	[4, 4]
a.199.1.	[1, 1]
g.54.1.	[2, 2]
d.15.1.	[152, 19, 5, 1, 3, 78, 27, 11, 7, 1]
b.2.5.	[27, 3, 3, 2, 2, 6, 10, 1]
d.58.55.	[2, 1, 1]
e.74.1.	[2, 2]
b.1.29.	[20, 2, 2, 2, 2, 5, 2, 3, 2]
a.149.1.	[4, 1, 3]
a.60.16.	[2, 2]
e.78.1.	[3, 3]
d.95.1.	[1, 1]
g.39.1.	[144, 1, 3, 1, 1, 3, 1, 1, 1, 1, 9, 1, 23, 72, 14, 6, 1, 2, 1, 2]
b.1.27.	[7, 3, 4]
d.301.1.	[3, 3]
b.7.1.	[46, 14, 16, 16]
g.87.1.	[1, 1]
g.41.9.	[4, 2, 1, 1]
d.34.1.	[2, 2]
a.48.2.	[2, 2]
a.84.1.	[1, 1]
a.189.1.	[5, 4, 1]
f.58.1.	[5, 5]
a.2.19.	[3, 3]
d.319.1.	[1, 1]
f.4.2.	[1, 1]
a.180.1.	[1, 1]
a.195.1.	[3, 3]
c.116.1.	[35, 1, 4, 4, 2, 2, 5, 12, 4, 1]
a.60.4.	[10, 1, 2, 6, 1]
d.362.1.	[1, 1]
b.170.1.	[2, 2]
b.5.1.	[1, 1]
a.118.11.	[1, 1]
d.129.10.	[1, 1]
c.100.1.	[3, 3]
a.295.1.	[1, 1]
c.102.1.	[1, 1]
a.271.1.	[2, 2]
b.69.1.	[1, 1]
d.26.3.	[13, 13]
b.12.1.	[17, 8, 2, 5, 2]
c.1.23.	[3, 2, 1]
d.99.1.	[3, 3]
a.297.1.	[1, 1]
a.8.10.	[2, 2]
a.245.1.	[5, 5]
d.288.1.	[10, 7, 3]
a.182.1.	[4, 1, 3]
a.193.1.	[2, 2]
b.123.1.	[3, 2, 1]
d.384.1.	[1, 1]
b.34.6.	[9, 1, 6, 2]
d.58.21.	[6, 1, 5]
a.291.1.	[1, 1]
c.56.3.	[9, 3, 6]
c.1.14.	[19, 14, 5]
c.106.1.	[7, 5, 2]
c.20.1.	[1, 1]
c.61.1.	[75, 38, 31, 6]
a.8.5.	[4, 4]
a.29.6.	[3, 1, 2]
a.223.1.	[3, 2, 1]
g.17.1.	[40, 11, 8, 10, 5, 1, 1, 3, 1]
a.2.17.	[6, 2, 2, 2]
d.218.1.	[33, 1, 2, 1, 1, 2, 1, 1, 3, 2, 5, 1, 4, 1, 2, 3, 3]
d.58.15.	[2, 2]
b.35.2.	[2, 2]
d.323.1.	[2, 1, 1]
d.110.8.	[3, 3]
c.81.1.	[13, 13]
f.35.1.	[2, 2]
c.52.4.	[1, 1]
b.121.2.	[8, 2, 1, 2, 3]
e.19.1.	[11, 1, 4, 6]
a.29.10.	[2, 2]
g.63.1.	[1, 1]
c.69.1.	[211, 2, 3, 2, 1, 4, 4, 4, 1, 1, 1, 1, 3, 1, 1, 2, 1, 1, 1, 1, 3, 9, 9, 1, 1, 1, 6, 12, 3, 4, 4, 4, 8, 5, 1, 3, 2, 11, 69, 4, 8, 2, 6]
c.22.1.	[5, 5]
g.61.1.	[3, 3]
f.9.1.	[5, 3, 2]
d.50.5.	[1, 1]
b.164.1.	[1, 1]
d.79.6.	[1, 1]
a.256.1.	[1, 1]
b.67.3.	[1, 1]
e.47.1.	[1, 1]
a.258.1.	[1, 1]
c.38.1.	[6, 2, 4]
b.166.1.	[1, 1]
d.295.1.	[3, 1, 2]
d.276.1.	[1, 1]
b.53.1.	[4, 3, 1]
f.23.26.	[4, 4]
b.82.5.	[7, 2, 5]
a.293.1.	[4, 2, 2]
c.26.1.	[96, 6, 6, 2, 16, 39, 27]
a.50.1.	[6, 6]
g.3.3.	[19, 3, 4, 11, 1]
a.34.4.	[1, 1]
a.52.1.	[17, 9, 2, 3, 3]
c.132.1.	[2, 1, 1]
g.67.1.	[2, 2]
d.109.3.	[1, 1]
d.13.1.	[26, 2, 4, 10, 9, 1]
c.104.1.	[3, 1, 2]
a.47.3.	[1, 1]
d.58.30.	[3, 3]
c.8.4.	[2, 2]
d.17.2.	[10, 10]
a.29.15.	[1, 1]
c.51.6.	[2, 1, 1]
b.30.6.	[1, 1]
a.4.14.	[2, 2]
d.135.1.	[4, 3, 1]
a.23.4.	[1, 1]
d.325.1.	[6, 2, 4]
a.54.1.	[1, 1]
d.237.1.	[1, 1]
c.130.1.	[2, 1, 1]
a.219.1.	[1, 1]
a.137.5.	[1, 1]
d.327.1.	[1, 1]
a.1.2.	[7, 1, 5, 1]
c.48.1.	[14, 6, 1, 2, 5]
d.67.3.	[8, 1, 7]
d.101.1.	[23, 6, 17]
f.23.13.	[4, 4]
d.58.2.	[5, 4, 1]
a.4.9.	[2, 2]
a.194.1.	[9, 9]
b.55.1.	[136, 4, 3, 1, 1, 1, 2, 9, 10, 5, 18, 55, 24, 2, 1]
a.26.1.	[60, 3, 18, 21, 18]
b.80.5.	[3, 2, 1]
e.45.1.	[1, 1]
d.297.1.	[1, 1]
a.246.3.	[1, 1]
d.148.1.	[7, 3, 4]
d.58.41.	[1, 1]
b.42.1.	[37, 12, 22, 3]
d.41.4.	[7, 3, 4]
b.57.1.	[6, 6]
b.176.1.	[1, 1]
a.5.3.	[8, 4, 4]
b.3.1.	[17, 8, 3, 6]
a.79.1.	[5, 3, 1, 1]
a.113.1.	[2, 2]
c.34.1.	[8, 5, 3]
d.58.52.	[2, 1, 1]
d.262.1.	[1, 1]
c.36.1.	[52, 5, 5, 1, 9, 1, 13, 8, 6, 4]
d.15.6.	[22, 6, 16]
g.3.19.	[1, 1]
c.44.2.	[7, 2, 3, 2]
b.1.28.	[10, 3, 7]
f.23.3.	[1, 1]
d.242.1.	[1, 1]
a.2.8.	[1, 1]
a.48.1.	[3, 2, 1]
a.191.1.	[1, 1]
b.1.26.	[3, 2, 1]
b.142.1.	[3, 2, 1]
b.61.5.	[2, 1, 1]
d.258.1.	[8, 7, 1]
d.103.1.	[2, 2]
a.277.1.	[3, 3]
c.124.1.	[50, 9, 4, 14, 4, 3, 1, 5, 5, 5]
c.30.1.	[44, 1, 2, 2, 1, 4, 9, 22, 3]
a.80.1.	[14, 10, 4]
b.42.8.	[1, 1]
d.163.1.	[10, 3, 7]
a.47.4.	[3, 1, 2]
c.126.1.	[1, 1]
a.225.1.	[1, 1]
d.240.1.	[7, 1, 6]
a.150.1.	[1, 1]
f.41.1.	[3, 1, 2]
b.174.1.	[1, 1]
a.7.7.	[6, 6]
a.275.1.	[1, 1]
b.89.1.	[8, 4, 4]
a.118.16.	[2, 1, 1]
a.24.10.	[12, 1, 1, 1, 2, 3, 1, 3]
a.118.22.	[1, 1]
d.9.2.	[1, 1]
c.23.17.	[5, 5]
d.230.6.	[2, 2]
a.23.1.	[1, 1]
d.161.1.	[8, 1, 7]
c.8.10.	[2, 2]
b.140.1.	[3, 2, 1]
a.8.11.	[3, 3]
a.70.2.	[2, 1, 1]
b.146.1.	[1, 1]
c.24.1.	[8, 1, 4, 3]
g.65.1.	[1, 1]
b.34.12.	[6, 5, 1]
g.41.18.	[1, 1]
c.1.17.	[18, 8, 6, 4]
a.29.7.	[2, 2]
b.45.3.	[1, 1]
a.227.1.	[1, 1]
a.8.4.	[6, 1, 5]
a.169.1.	[2, 2]
b.163.1.	[2, 1, 1]
b.160.1.	[2, 2]
b.144.1.	[1, 1]
a.94.1.	[1, 1]
a.2.14.	[1, 1]
d.183.1.	[1, 1]
a.96.1.	[14, 2, 1, 2, 4, 1, 2, 2]
d.50.4.	[1, 1]
d.181.1.	[4, 4]
c.136.1.	[2, 2]
d.110.9.	[1, 1]
a.56.1.	[9, 8, 1]
c.83.1.	[4, 4]
b.121.3.	[5, 1, 4]
e.43.1.	[5, 3, 1, 1]
b.97.1.	[7, 3, 4]
d.274.1.	[1, 1]
b.67.2.	[14, 1, 1, 2, 2, 7, 1]
d.36.1.	[2, 1, 1]
a.289.1.	[2, 1, 1]
b.82.6.	[3, 3]
f.23.25.	[3, 3]
d.208.1.	[2, 2]
d.185.1.	[32, 4, 4, 24]
b.154.1.	[1, 1]
c.23.4.	[9, 9]
b.2.1.	[1, 1]
g.3.4.	[3, 1, 2]
d.79.9.	[2, 2]
a.146.1.	[2, 2]
g.41.16.	[5, 5]
d.299.1.	[7, 7]
d.98.1.	[3, 2, 1]
d.137.1.	[7, 7]
d.58.31.	[11, 6, 2, 3]
f.1.4.	[27, 5, 22]
c.51.5.	[1, 1]
a.4.15.	[1, 1]
f.4.3.	[19, 1, 10, 3, 4, 1]
a.29.14.	[2, 2]
d.17.3.	[6, 4, 2]
d.272.1.	[1, 1]
d.129.1.	[16, 5, 10, 1]
c.85.1.	[4, 1, 1, 2]
f.17.2.	[6, 1, 5]
a.40.3.	[1, 1]
d.15.11.	[4, 4]
a.137.2.	[6, 6]
b.156.1.	[1, 1]
a.248.1.	[1, 1]
d.315.1.	[1, 1]
a.111.1.	[5, 1, 3, 1]
b.81.4.	[1, 1]
c.9.1.	[4, 4]
c.87.1.	[40, 1, 4, 1, 4, 4, 1, 1, 1, 11, 5, 1, 1, 5]
f.23.10.	[6, 5, 1]
c.32.1.	[13, 9, 4]
d.131.1.	[46, 20, 6, 20]
a.60.7.	[10, 2, 8]
a.86.1.	[8, 2, 1, 1, 4]
a.4.8.	[4, 4]
a.203.1.	[1, 1]
b.55.2.	[1, 1]
a.23.5.	[3, 2, 1]
b.65.1.	[3, 3]
a.24.3.	[17, 7, 10]
d.187.1.	[2, 2]
d.68.2.	[18, 10, 7, 1]
d.58.40.	[4, 4]
a.246.2.	[3, 3]
b.80.8.	[6, 1, 5]
f.10.1.	[7, 3, 4]
a.273.1.	[1, 1]
d.239.1.	[1, 1]
d.333.1.	[1, 1]
a.5.4.	[1, 1]
f.27.1.	[4, 4]
g.3.18.	[1, 1]
b.85.3.	[3, 3]
d.58.1.	[35, 5, 14, 1, 2, 8, 4, 1]
c.8.9.	[1, 1]
c.73.1.	[30, 13, 2, 5, 10]
d.270.1.	[1, 1]
d.64.2.	[4, 4]
f.23.2.	[1, 1]
a.156.1.	[12, 1, 8, 3]
g.32.1.	[12, 10, 2]
b.69.10.	[1, 1]
d.40.1.	[10, 9, 1]
d.42.1.	[32, 6, 17, 9]
a.60.10.	[1, 1]
a.154.1.	[2, 2]
b.1.25.	[1, 1]
b.40.8.	[2, 2]
d.58.62.	[1, 1]
b.7.3.	[5, 2, 3]
f.25.1.	[4, 4]
d.133.1.	[8, 8]
a.221.1.	[1, 1]
d.52.5.	[1, 1]
b.40.6.	[15, 4, 7, 2, 2]
a.23.3.	[2, 2]
d.44.1.	[47, 20, 27]
a.60.6.	[8, 5, 3]
a.7.4.	[2, 2]
f.21.1.	[7, 6, 1]
f.12.1.	[1, 1]
a.119.1.	[6, 1, 4, 1]
a.118.17.	[7, 2, 3, 2]
a.177.1.	[7, 1, 6]
b.91.1.	[5, 4, 1]
d.106.1.	[13, 3, 5, 3, 1, 1]
a.118.21.	[4, 1, 3]
b.59.1.	[1, 1]
d.349.1.	[1, 1]
a.148.1.	[1, 1]
d.248.1.	[5, 1, 4]
d.230.5.	[2, 2]
a.24.25.	[1, 1]
d.81.4.	[1, 1]
d.359.1.	[1, 1]
d.117.1.	[21, 17, 4]
e.57.1.	[1, 1]
f.16.1.	[1, 1]
b.39.1.	[5, 5]
a.46.1.	[1, 1]
d.361.1.	[1, 1]
a.140.1.	[6, 6]
c.1.16.	[14, 2, 2, 5, 3, 2]
d.169.1.	[118, 3, 3, 5, 2, 30, 68, 3, 2, 2]
b.34.13.	[49, 30, 4, 9, 6]
g.28.1.	[5, 1, 4]
b.34.4.	[12, 1, 2, 1, 4, 4]
d.289.1.	[3, 3]
d.30.1.	[1, 1]
a.8.7.	[1, 1]
b.45.2.	[3, 1, 2]
b.29.1.	[203, 3, 2, 10, 28, 1, 4, 2, 2, 1, 1, 1, 2, 4, 6, 1, 1, 15, 14, 44, 34, 4, 1, 17, 2, 2, 1]
b.69.3.	[4, 4]
a.2.15.	[1, 1]
f.49.1.	[2, 2]
c.47.1.	[460, 5, 2, 51, 232, 3, 14, 46, 2, 2, 1, 1, 2, 59, 9, 4, 7, 2, 1, 2, 4, 1, 1, 8, 1]
b.43.5.	[8, 2, 3, 3]
c.155.1.	[1, 1]
e.66.1.	[1, 1]
a.8.9.	[3, 2, 1]
b.11.1.	[47, 1, 1, 1, 1, 1, 23, 19]
d.50.3.	[3, 1, 1, 1]
b.37.1.	[9, 4, 5]
d.93.1.	[81, 56, 25]
d.363.1.	[2, 2]
b.40.15.	[6, 6]
b.93.1.	[2, 2]
a.87.1.	[12, 10, 2]
a.9.1.	[11, 6, 5]
d.79.8.	[1, 1]
d.32.1.	[71, 1, 1, 19, 4, 12, 25, 1, 1, 1, 4, 2]
a.64.2.	[1, 1]
e.39.1.	[4, 4]
b.67.1.	[1, 1]
b.82.7.	[1, 1]
d.313.1.	[2, 1, 1]
b.104.1.	[4, 4]
a.272.1.	[1, 1]
a.142.1.	[2, 2]
c.23.5.	[53, 4, 1, 1, 1, 5, 7, 3, 16, 15]
b.2.2.	[29, 1, 14, 3, 11]
g.3.5.	[2, 2]
b.2.10.	[1, 1]
a.171.1.	[3, 3]
c.26.3.	[2, 2]
g.93.1.	[2, 1, 1]
c.51.4.	[17, 5, 7, 3, 2]
g.34.1.	[1, 1]
a.173.1.	[3, 3]
d.58.32.	[7, 1, 1, 2, 1, 1, 1]
d.58.48.	[7, 1, 1, 5]
b.23.3.	[3, 2, 1]
a.29.13.	[4, 4]
b.63.1.	[3, 3]
d.2.1.	[79, 2, 4, 1, 4, 21, 21, 12, 8, 1, 2, 2, 1]
d.311.1.	[1, 1]
d.91.1.	[2, 1, 1]
f.23.24.	[3, 3]
f.17.3.	[1, 1]
a.40.2.	[1, 1]
d.15.10.	[7, 3, 2, 2]
f.60.1.	[1, 1]
a.137.3.	[6, 6]
a.42.1.	[11, 1, 10]
b.81.3.	[1, 1]
b.117.1.	[2, 2]
f.23.23.	[2, 2]
g.40.1.	[11, 11]
c.28.1.	[8, 2, 6]
c.77.1.	[52, 2, 5, 12, 27, 2, 4]
a.58.1.	[1, 1]
f.23.11.	[3, 1, 2]
a.231.1.	[2, 1, 1]
d.89.1.	[10, 1, 2, 2, 1, 2, 2]
c.55.3.	[86, 3, 1, 1, 1, 3, 6, 1, 15, 20, 1, 1, 2, 26, 3, 2]
a.23.2.	[2, 2]
a.24.2.	[5, 3, 2]
a.152.1.	[13, 6, 3, 2, 2]
d.58.43.	[1, 1]
b.8.1.	[8, 2, 2, 4]
d.68.3.	[4, 4]
f.23.5.	[1, 1]
d.369.1.	[3, 3]
d.22.1.	[72, 1, 46, 25]
d.331.1.	[1, 1]
d.352.1.	[1, 1]
d.20.1.	[67, 50, 9, 4, 2, 2]
e.10.1.	[4, 4]
f.23.1.	[1, 1]
e.12.1.	[1, 1]
b.3.3.	[1, 1]
f.6.1.	[12, 6, 5, 1]
c.93.1.	[90, 61, 29]
a.66.1.	[6, 6]
c.8.8.	[5, 3, 2]
d.4.1.	[13, 4, 2, 2, 1, 3, 1]
g.69.1.	[10, 10]
g.36.1.	[1, 1]
g.75.1.	[1, 1]
b.85.2.	[3, 3]
b.19.1.	[42, 1, 32, 4, 5]
b.149.1.	[3, 2, 1]
d.58.50.	[1, 1]
c.135.1.	[6, 3, 3]
b.69.11.	[1, 1]
d.6.1.	[20, 20]
a.25.1.	[117, 1, 1, 1, 2, 1, 3, 2, 24, 56, 26]
d.58.13.	[2, 2]
b.41.1.	[8, 2, 3, 1, 1, 1]
b.1.24.	[2, 2]
a.60.11.	[2, 1, 1]
c.49.1.	[7, 2, 5]
d.58.61.	[3, 2, 1]
a.118.5.	[1, 1]
b.40.9.	[2, 2]
g.71.1.	[1, 1]
g.42.1.	[3, 3]
a.64.1.	[8, 1, 1, 1, 4, 1]
e.51.1.	[3, 3]
a.4.5.	[307, 1, 2, 1, 1, 8, 1, 1, 1, 1, 2, 1, 1, 6, 5, 6, 4, 1, 11, 2, 1, 1, 3, 6, 1, 2, 1, 5, 4, 1, 4, 1, 2, 2, 1, 2, 1, 6, 2, 1, 1, 1, 1, 5, 10, 2, 4, 2, 67, 4, 1, 1, 3, 1, 1, 3, 2, 1, 1, 1, 1, 3, 1, 2, 3, 2, 3, 2, 15, 3, 3, 4, 2, 1, 1, 25, 6, 1, 1, 2, 1, 2, 1, 1, 1, 5]
b.7.2.	[6, 2, 4]
c.41.1.	[29, 3, 19, 7]
a.118.14.	[4, 1, 3]
b.40.7.	[4, 2, 2]
g.44.1.	[38, 3, 1, 4, 6, 2, 5, 17]
c.89.1.	[5, 4, 1]
a.27.1.	[17, 11, 6]
a.138.1.	[46, 17, 2, 21, 6]
b.47.1.	[174, 14, 88, 19, 33, 20]
b.42.4.	[22, 3, 11, 8]
e.53.1.	[3, 1, 2]
b.139.1.	[2, 2]
a.60.1.	[59, 22, 3, 26, 8]
d.129.4.	[1, 1]
g.46.1.	[21, 21]
b.95.1.	[2, 2]
f.4.1.	[10, 1, 1, 2, 5, 1]
c.23.15.	[3, 3]
a.118.20.	[1, 1]
d.113.1.	[47, 2, 5, 22, 11, 1, 2, 2, 2]
a.78.1.	[2, 2]
c.13.1.	[7, 3, 4]
d.256.1.	[5, 2, 3]
d.230.4.	[1, 1]
a.24.24.	[1, 1]
e.60.1.	[3, 1, 2]
a.85.1.	[2, 2]
g.19.1.	[8, 4, 3, 1]
d.335.1.	[1, 1]
a.144.1.	[10, 1, 9]
a.24.16.	[7, 1, 1, 2, 2, 1]
b.1.21.	[3, 3]
c.1.28.	[3, 1, 1, 1]
a.140.2.	[8, 8]
d.176.1.	[3, 3]
a.89.1.	[8, 6, 2]
d.345.1.	[1, 1]
c.1.11.	[108, 30, 65, 13]
d.111.1.	[8, 6, 2]
a.8.6.	[2, 2]
c.43.1.	[25, 5, 6, 10, 4]
b.69.2.	[6, 2, 1, 1, 2]
g.52.1.	[20, 19, 1]
d.19.1.	[91, 77, 14]
a.2.12.	[4, 4]
a.102.6.	[1, 1]
e.62.1.	[4, 1, 2, 1]
b.102.1.	[1, 1]
b.45.1.	[47, 3, 16, 22, 5, 1]
a.270.1.	[1, 1]
b.49.3.	[7, 7]
d.58.18.	[38, 2, 4, 4, 1, 1, 2, 2, 2, 5, 2, 2, 2, 2, 1, 6]
a.8.8.	[1, 1]
d.50.2.	[4, 2, 2]
b.34.21.	[1, 1]
b.100.1.	[4, 4]
b.35.1.	[37, 5, 1, 31]
d.110.7.	[6, 6]
b.34.10.	[22, 21, 1]
b.40.14.	[4, 4]
a.76.1.	[5, 5]
b.121.5.	[18, 10, 1, 7]
a.74.1.	[29, 20, 2, 3, 4]
c.118.1.	[2, 1, 1]
f.56.1.	[4, 1, 3]
d.250.1.	[7, 1, 6]
g.50.1.	[46, 6, 17, 1, 22]
d.76.2.	[5, 5]
b.9.1.	[3, 3]
d.233.1.	[2, 2]
g.2.4.	[1, 1]
c.17.1.	[11, 1, 1, 9]
d.246.1.	[2, 2]
b.147.1.	[1, 1]
b.2.3.	[24, 11, 1, 3, 1, 2, 4, 2]
g.3.6.	[50, 2, 32, 13, 1, 2]
g.91.1.	[2, 2]
d.343.1.	[1, 1]
b.111.1.	[2, 2]
c.23.6.	[6, 6]
a.72.1.	[1, 1]
c.15.1.	[14, 2, 1, 1, 3, 3, 4]
c.149.1.	[2, 2]
g.30.1.	[2, 2]
c.71.1.	[34, 3, 15, 16]
a.237.1.	[4, 4]
c.26.2.	[54, 15, 19, 7, 2, 2, 7, 2]
g.41.14.	[1, 1]
c.51.3.	[4, 2, 2]
d.341.1.	[1, 1]
g.3.8.	[1, 1]
c.57.1.	[19, 4, 7, 8]
d.58.33.	[6, 6]
a.29.12.	[1, 1]
a.235.1.	[1, 1]
a.39.3.	[2, 2]
f.23.34.	[1, 1]
b.33.1.	[34, 3, 7, 13, 11]
a.40.1.	[49, 27, 22]
d.15.13.	[1, 1]
g.29.1.	[1, 1]
d.200.1.	[1, 1]
d.58.34.	[2, 2]
b.113.1.	[6, 6]
e.72.1.	[1, 1]
e.70.1.	[1, 1]
d.67.4.	[1, 1]
d.58.42.	[3, 3]
b.31.1.	[5, 4, 1]
g.73.1.	[1, 1]
d.173.1.	[3, 1, 1, 1]
d.211.1.	[43, 11, 32]
f.23.16.	[2, 2]
a.139.1.	[10, 6, 4]
c.55.2.	[5, 4, 1]
d.244.1.	[2, 1, 1]
c.67.1.	[219, 26, 4, 28, 113, 2, 4, 1, 36, 4, 1]
b.145.1.	[4, 2, 2]
a.278.1.	[4, 1, 1, 1, 1]
a.230.1.	[1, 1]
d.193.1.	[3, 3]
a.62.1.	[2, 2]
c.91.1.	[14, 5, 6, 3]
g.41.4.	[2, 2]
a.5.6.	[2, 2]
b.3.2.	[3, 1, 2]
b.168.1.	[1, 1]
d.15.5.	[8, 8]
d.171.1.	[14, 8, 6]
d.79.7.	[10, 4, 6]
d.35.1.	[2, 1, 1]
d.165.1.	[36, 4, 29, 3]
b.85.1.	[11, 1, 10]
d.58.51.	[2, 2]
c.65.1.	[16, 8, 8]
a.7.1.	[12, 1, 11]
e.55.1.	[1, 1]
f.44.1.	[2, 1, 1]
d.149.1.	[6, 1, 5]
d.197.1.	[1, 1]
c.108.1.	[132, 1, 2, 2, 1, 1, 1, 2, 1, 14, 1, 3, 2, 7, 1, 1, 3, 60, 4, 3, 2, 2, 1, 10, 2, 3, 2]
b.69.12.	[3, 3]
a.243.1.	[3, 1, 1, 1]
a.25.2.	[14, 9, 1, 4]
d.87.2.	[6, 5, 1]
g.38.1.	[8, 8]
a.60.12.	[7, 2, 4, 1]
c.49.2.	[5, 2, 3]
b.1.12.	[2, 1, 1]
d.175.1.	[6, 3, 3]
d.58.60.	[6, 6]
b.125.1.	[7, 1, 1, 3, 2]
c.45.1.	[76, 1, 17, 14, 42, 1, 1]
a.118.9.	[15, 1, 2, 6, 1, 5]
a.118.15.	[1, 1]
d.13.2.	[2, 1, 1]
d.52.7.	[6, 1, 5]
b.127.1.	[1, 1]
b.40.4.	[176, 3, 9, 3, 34, 8, 69, 6, 5, 1, 1, 1, 1, 1, 1, 29, 3, 1]
a.118.7.	[12, 12]
b.42.5.	[5, 1, 4]
d.278.1.	[4, 1, 1, 2]
e.64.1.	[1, 1]
a.215.1.	[1, 1]
a.249.1.	[1, 1]
a.5.8.	[3, 2, 1]
f.21.3.	[1, 1]
f.4.6.	[1, 1]
a.144.2.	[4, 4]
a.101.1.	[5, 5]
a.165.1.	[2, 2]
a.7.8.	[9, 1, 6, 2]
a.296.1.	[1, 1]
c.23.14.	[9, 3, 1, 5]
a.24.27.	[1, 1]
d.291.1.	[1, 1]
d.195.1.	[1, 1]
a.241.1.	[1, 1]
a.2.3.	[23, 9, 14]
b.38.3.	[2, 2]
a.103.1.	[17, 12, 5]
a.250.1.	[5, 1, 4]
e.49.1.	[2, 2]
f.50.1.	[1, 1]
b.106.1.	[13, 1, 2, 10]
b.1.15.	[5, 1, 4]
c.95.1.	[148, 101, 24, 23]
c.1.29.	[1, 1]
a.46.3.	[1, 1]
a.252.1.	[2, 1, 1]
d.8.1.	[5, 2, 3]
c.1.10.	[130, 1, 5, 5, 44, 58, 1, 2, 3, 11]
a.140.3.	[3, 1, 2]
a.70.1.	[1, 1]
c.105.1.	[1, 1]
f.52.1.	[1, 1]
d.139.1.	[15, 9, 6]
d.147.1.	[3, 2, 1]
a.217.1.	[5, 5]
d.145.1.	[31, 2, 7, 5, 5, 12]
a.2.13.	[3, 3]
d.293.1.	[3, 1, 2]
a.47.5.	[1, 1]
d.50.1.	[28, 1, 23, 3, 1]
d.74.1.	[6, 2, 4]
d.351.1.	[2, 1, 1]
b.115.1.	[5, 2, 3]
d.58.19.	[8, 8]
d.110.4.	[8, 2, 1, 1, 2, 2]
f.15.1.	[3, 3]
b.34.20.	[1, 1]
a.24.18.	[1, 1]
b.34.11.	[8, 1, 3, 2, 1, 1]
d.252.1.	[2, 2]
b.121.6.	[13, 7, 6]
a.233.1.	[1, 1]
a.213.1.	[7, 1, 1, 1, 4]
d.141.1.	[11, 11]
d.76.1.	[2, 2]
b.21.1.	[16, 1, 1, 5, 9]
d.70.1.	[2, 1, 1]
d.353.1.	[3, 3]
g.3.7.	[105, 12, 15, 45, 1, 32]
d.52.10.	[2, 2]
d.115.1.	[11, 3, 2, 6]
g.41.13.	[1, 1]
b.178.1.	[1, 1]
f.29.1.	[4, 4]
c.97.1.	[36, 3, 1, 11, 1, 12, 8]
f.42.1.	[3, 1, 2]
a.137.1.	[1, 1]
c.51.2.	[2, 1, 1]
a.135.1.	[1, 1]
g.3.9.	[21, 6, 15]
d.17.6.	[5, 1, 1, 1, 1, 1]
b.23.1.	[12, 3, 9]
a.39.2.	[14, 7, 7]
d.26.2.	[1, 1]
a.29.11.	[1, 1]
f.23.35.	[2, 2]
f.17.1.	[1, 1]
a.229.1.	[1, 1]
d.37.1.	[44, 29, 15]
b.83.1.	[3, 1, 1, 1]
b.43.3.	[35, 8, 19, 4, 1, 1, 1, 1]
d.15.12.	[2, 1, 1]
d.177.1.	[10, 8, 2]
d.39.1.	[5, 5]
c.67.3.	[1, 1]
d.213.1.	[3, 1, 2]
f.23.17.	[1, 1]
b.81.1.	[53, 1, 6, 4, 4, 1, 23, 2, 5, 7]
a.131.1.	[2, 2]
f.48.1.	[1, 1]
c.67.2.	[1, 1]
e.65.1.	[1, 1]
d.72.1.	[1, 1]
a.4.10.	[3, 3]
c.55.1.	[181, 2, 25, 6, 12, 4, 9, 4, 2, 4, 4, 2, 16, 1, 5, 79, 6]
d.68.1.	[4, 3, 1]
d.355.1.	[1, 1]
d.58.29.	[12, 5, 6, 1]
g.14.1.	[34, 21, 1, 12]
b.54.1.	[1, 1]
d.85.1.	[6, 6]
d.66.1.	[9, 1, 3, 1, 2, 2]
d.64.1.	[2, 2]
d.365.1.	[1, 1]
g.41.5.	[25, 1, 3, 20, 1]
a.5.7.	[5, 1, 2, 2]
d.211.2.	[2, 2]
f.40.1.	[1, 1]
d.310.1.	[5, 5]
a.247.1.	[2, 2]
b.25.1.	[12, 2, 10]
c.147.1.	[1, 1]
a.25.3.	[11, 5, 6]
b.69.13.	[4, 2, 2]
d.15.8.	[1, 1]
b.43.2.	[4, 1, 3]
d.62.1.	[1, 1]
b.1.22.	[4, 4]
d.87.1.	[22, 22]
d.74.3.	[7, 1, 4, 2]
b.15.1.	[16, 2, 1, 4, 6, 3]
d.380.1.	[1, 1]
b.1.13.	[6, 4, 2]
c.72.2.	[8, 2, 1, 5]
b.7.5.	[1, 1]
d.215.1.	[3, 1, 2]
a.163.1.	[1, 1]
b.84.4.	[8, 3, 5]
a.133.1.	[73, 3, 1, 68, 1]
b.60.1.	[122, 2, 2, 1, 4, 1, 2, 1, 40, 49, 20]
a.118.8.	[56, 13, 31, 1, 1, 2, 1, 4, 2, 1]
a.4.7.	[6, 6]
b.7.4.	[1, 1]
b.62.1.	[49, 1, 41, 5, 1, 1]
d.217.1.	[4, 3, 1]
b.129.2.	[3, 1, 2]
a.118.6.	[4, 1, 3]
a.137.15.	[1, 1]
d.52.6.	[2, 2]
b.42.6.	[8, 1, 2, 5]
b.114.1.	[1, 1]
d.367.1.	[9, 4, 5]
d.189.1.	[18, 12, 6]
a.161.1.	[3, 3]
f.54.1.	[1, 1]
a.5.9.	[1, 1]
c.18.1.	[18, 7, 5, 1, 4, 1]
f.14.2.	[1, 1]
d.58.25.	[1, 1]
c.23.13.	[10, 7, 3]
d.143.1.	[16, 7, 2, 3, 4]
a.30.8.	[1, 1]
d.56.1.	[7, 3, 4]
b.17.1.	[12, 7, 3, 2]
a.2.2.	[6, 6]
d.83.2.	[1, 1]
b.172.1.	[4, 1, 3]
d.60.1.	[5, 1, 1, 1, 1, 1]
c.4.1.	[9, 2, 2, 5]
d.67.2.	[2, 2]
d.339.1.	[1, 1]
e.24.1.	[5, 5]
a.2.10.	[3, 3]
a.140.4.	[1, 1]
b.34.9.	[46, 14, 13, 8, 9, 2]
a.46.2.	[7, 6, 1]
g.45.1.	[3, 1, 1, 1]
c.56.8.	[1, 1]
a.24.26.	[3, 3]
a.102.4.	[19, 2, 6, 3, 4, 4]
d.54.1.	[106, 76, 30]
a.29.3.	[41, 12, 25, 4]
e.26.1.	[7, 2, 3, 2]
a.47.6.	[1, 1]
d.100.1.	[6, 1, 4, 1]
a.2.16.	[3, 3]
a.15.1.	[1, 1]
a.24.19.	[5, 2, 3]
a.298.1.	[5, 5]
c.1.13.	[3, 3]
b.40.16.	[10, 6, 4]
a.117.1.	[1, 1]
b.121.7.	[3, 3]
f.19.1.	[13, 6, 7]
b.1.9.	[3, 1, 1, 1]
g.79.1.	[3, 1, 2]
a.2.21.	[3, 3]
g.12.1.	[19, 18, 1]
c.129.1.	[9, 1, 6, 2]
a.115.1.	[3, 1, 1, 1]
d.388.1.	[3, 3]
d.82.2.	[6, 1, 1, 4]
a.21.1.	[32, 23, 9]
g.47.1.	[1, 1]
d.381.1.	[2, 2]
d.110.5.	[1, 1]
a.158.1.	[5, 5]
d.383.1.	[1, 1]
e.67.1.	[1, 1]
c.53.1.	[8, 3, 5]
f.46.1.	[3, 1, 2]
b.87.1.	[5, 1, 1, 3]
a.68.1.	[1, 1]
d.308.1.	[4, 2, 1, 1]
e.69.1.	[1, 1]
c.145.1.	[2, 1, 1]
b.131.1.	[3, 1, 1, 1]
g.26.1.	[1, 1]
d.17.7.	[1, 1]
f.23.36.	[2, 2]
c.51.1.	[17, 3, 12, 2]
a.39.1.	[194, 2, 3, 39, 4, 25, 1, 13, 80, 5, 10, 11, 1]
g.18.1.	[46, 41, 5]
f.17.6.	[2, 1, 1]
c.78.1.	[61, 23, 38]
e.22.1.	[15, 7, 2, 6]
f.23.21.	[1, 1]
e.38.1.	[5, 3, 2]
b.61.6.	[3, 2, 1]
d.387.1.	[2, 2]
d.48.1.	[4, 3, 1]
d.58.44.	[4, 4]
g.92.1.	[1, 1]
e.34.1.	[1, 1]
b.78.1.	[20, 8, 12]
c.16.1.	[11, 10, 1]
c.141.1.	[2, 1, 1]
b.61.2.	[4, 2, 2]
g.88.1.	[1, 1]
g.10.1.	[5, 3, 1, 1]
d.357.1.	[2, 1, 1]
a.4.11.	[2, 2]
d.58.28.	[7, 1, 6]
d.68.6.	[9, 1, 1, 7]
c.113.1.	[2, 2]
a.99.1.	[8, 1, 7]
a.282.1.	[1, 1]
c.111.1.	[5, 3, 1, 1]
a.43.1.	[29, 1, 1, 1, 1, 1, 1, 1, 1, 6, 3, 8, 4]
a.262.1.	[1, 1]
g.90.1.	[3, 3]
e.32.1.	[2, 2]
a.24.9.	[16, 1, 15]
g.41.6.	[1, 1]
c.143.1.	[3, 2, 1]
b.27.1.	[3, 3]
f.23.14.	[5, 5]
b.85.7.	[11, 2, 1, 4, 4]
g.24.1.	[30, 3, 18, 9]
a.280.1.	[8, 5, 3]
b.116.1.	[1, 1]
d.15.9.	[4, 1, 3]
d.379.1.	[3, 3]
a.25.4.	[2, 1, 1]
b.118.1.	[3, 3]
a.286.1.	[1, 1]
g.22.1.	[5, 1, 4]
a.41.1.	[5, 2, 3]
c.1.9.	[76, 3, 1, 4, 1, 1, 6, 2, 5, 9, 1, 2, 1, 3, 4, 19, 6, 3, 4, 1]
c.115.1.	[1, 1]
c.14.1.	[127, 14, 13, 78, 19, 3]
c.72.3.	[3, 2, 1]
b.1.10.	[11, 1, 3, 5, 2]
a.4.6.	[36, 5, 2, 23, 6]
g.20.1.	[16, 1, 15]
d.225.1.	[2, 2]
b.40.2.	[39, 18, 7, 14]
c.2.1.	[603, 2, 2, 1, 4, 11, 34, 13, 27, 25, 30, 261, 55, 138]
d.179.1.	[5, 5]
b.42.7.	[2, 1, 1]
c.79.1.	[46, 20, 26]
a.137.14.	[1, 1]
d.52.1.	[3, 3]
c.97.3.	[9, 2, 7]
f.4.4.	[3, 1, 1, 1]
b.159.1.	[4, 3, 1]
a.60.2.	[19, 3, 1, 1, 6, 4, 2, 2]
b.6.1.	[132, 3, 3, 1, 1, 42, 38, 6, 38]
b.70.3.	[4, 4]
c.6.1.	[11, 9, 2]
b.4.1.	[8, 4, 4]
c.23.12.	[13, 2, 2, 9]
d.203.1.	[6, 6]
d.102.1.	[8, 5, 3]
d.83.1.	[4, 2, 2]
a.284.1.	[11, 11]
a.2.1.	[3, 2, 1]
c.117.1.	[5, 5]
c.1.7.	[59, 26, 33]
d.58.20.	[2, 2]
c.99.1.	[1, 1]
a.294.1.	[1, 1]
a.2.11.	[47, 20, 27]
e.6.1.	[38, 2, 13, 23]
a.140.5.	[1, 1]
d.122.1.	[47, 8, 8, 10, 15, 6]
a.24.21.	[1, 1]
c.13.2.	[6, 4, 2]
d.318.1.	[1, 1]
g.49.1.	[15, 1, 1, 9, 4]
d.58.53.	[2, 1, 1]
a.102.5.	[2, 2]
d.219.1.	[5, 3, 2]
g.6.1.	[1, 1]
e.8.1.	[52, 13, 4, 1, 5, 22, 6, 1]
a.22.1.	[67, 46, 4, 15, 2]
a.17.1.	[2, 1, 1]
d.15.7.	[30, 30]
d.385.1.	[1, 1]
a.290.1.	[1, 1]
b.68.1.	[31, 1, 19, 11]
e.25.1.	[3, 3]
b.34.8.	[2, 1, 1]
b.40.11.	[1, 1]
c.1.12.	[38, 1, 4, 5, 10, 2, 3, 4, 9]
b.137.1.	[6, 1, 5]
a.2.20.	[4, 3, 1]
b.44.2.	[6, 6]
g.16.1.	[4, 4]
a.7.11.	[2, 2]
b.1.8.	[33, 4, 29]
g.4.1.	[7, 7]
g.2.1.	[1, 1]
f.8.1.	[3, 1, 1, 1]
a.24.14.	[4, 3, 1]
b.1.3.	[3, 3]
b.165.1.	[1, 1]
d.279.1.	[3, 3]
a.11.1.	[9, 5, 4]
d.82.3.	[1, 1]
d.283.1.	[2, 2]
d.110.2.	[25, 1, 1, 3, 9, 11]
a.166.1.	[1, 1]
c.23.1.	[102, 1, 1, 37, 59, 1, 1, 1, 1]
c.21.1.	[5, 5]
b.135.1.	[1, 1]
b.2.6.	[5, 5]
c.10.2.	[43, 1, 7, 1, 9, 1, 1, 19, 3, 1]
e.18.1.	[11, 1, 6, 4]
d.251.1.	[1, 1]
d.155.1.	[2, 1, 1]
a.210.1.	[1, 1]
d.277.1.	[1, 1]
d.231.1.	[2, 2]
d.108.1.	[116, 3, 2, 5, 62, 33, 1, 1, 1, 6, 1, 1]
a.159.4.	[1, 1]
f.23.20.	[1, 1]
a.264.1.	[4, 4]
c.133.1.	[8, 6, 2]
c.27.1.	[7, 6, 1]
a.292.1.	[3, 3]
d.15.14.	[1, 1]
e.2.1.	[1, 1]
d.116.1.	[8, 4, 4]
d.227.1.	[17, 12, 3, 2]
c.131.1.	[7, 3, 4]
d.58.47.	[1, 1]
a.218.1.	[3, 2, 1]
d.134.1.	[14, 6, 8]
d.253.1.	[1, 1]
a.4.12.	[6, 1, 2, 2, 1]
c.55.7.	[3, 1, 2]
d.157.1.	[48, 1, 1, 1, 4, 1, 4, 3, 13, 12, 3, 1, 1, 1, 1, 1]
b.167.1.	[5, 2, 3]
d.281.1.	[1, 1]
d.53.1.	[2, 2]
d.15.4.	[56, 12, 27, 17]
d.68.7.	[4, 4]
a.266.1.	[4, 2, 2]
d.52.2.	[4, 2, 2]
a.13.1.	[3, 3]
d.58.27.	[1, 1]
d.287.1.	[5, 4, 1]
d.129.8.	[1, 1]
d.17.1.	[29, 2, 3, 1, 2, 7, 1, 13]
a.24.8.	[2, 2]
d.223.1.	[7, 1, 6]
d.114.1.	[3, 3]
f.23.15.	[3, 3]
b.85.6.	[5, 4, 1]
d.153.1.	[72, 1, 4, 3, 45, 4, 9, 6]
a.212.1.	[1, 1]
g.3.13.	[16, 3, 13]
d.285.1.	[2, 2]
a.7.14.	[6, 3, 3]
a.25.5.	[2, 2]
e.59.1.	[1, 1]
b.43.4.	[44, 4, 19, 4, 17]
d.221.1.	[1, 1]
a.29.2.	[52, 45, 7]
b.84.2.	[22, 5, 9, 8]
d.58.49.	[2, 2]
g.41.7.	[5, 4, 1]
a.35.1.	[59, 1, 2, 1, 1, 1, 8, 2, 7, 6, 3, 16, 9, 1, 1]
a.23.7.	[2, 2]
d.10.1.	[10, 4, 1, 1, 3, 1]
a.4.1.	[214, 74, 36, 21, 8, 6, 4, 5, 2, 36, 4, 1, 1, 1, 1, 6, 1, 1, 1, 1, 4]
b.1.11.	[14, 5, 3, 6]
c.122.1.	[7, 4, 3]
a.83.1.	[17, 8, 9]
a.81.1.	[2, 2]
b.40.3.	[10, 3, 1, 5, 1]
a.118.18.	[2, 2]
a.211.1.	[38, 1, 2, 1, 11, 14, 9]
a.49.1.	[1, 1]
a.6.1.	[19, 4, 1, 2, 2, 4, 1, 1, 4]
a.118.4.	[1, 1]
d.118.1.	[18, 5, 13]
b.1.20.	[2, 2]
d.265.1.	[12, 1, 4, 5, 1, 1]
g.59.1.	[3, 1, 2]
a.276.1.	[1, 1]
b.6.2.	[2, 2]
f.4.5.	[1, 1]
b.108.1.	[9, 1, 2, 1, 4, 1]
d.259.1.	[1, 1]
d.201.1.	[4, 3, 1]
b.70.2.	[2, 2]
a.123.1.	[64, 58, 6]
a.274.1.	[3, 3]
b.75.1.	[3, 3]
a.30.6.	[1, 1]
d.98.2.	[6, 3, 3]
c.23.11.	[3, 3]
b.143.1.	[2, 2]
a.239.1.	[1, 1]
f.23.37.	[1, 1]
a.151.1.	[1, 1]
c.1.4.	[48, 33, 15]
d.29.1.	[1, 1]
d.120.1.	[24, 17, 5, 2]
b.34.16.	[1, 1]
d.329.1.	[1, 1]
d.377.1.	[1, 1]
c.1.24.	[4, 2, 2]
b.133.1.	[2, 1, 1]
d.207.1.	[1, 1]
a.140.6.	[1, 1]
d.229.1.	[2, 2]
a.24.20.	[1, 1]
c.1.33.	[1, 1]
a.102.2.	[5, 5]
b.141.1.	[3, 2, 1]
d.302.1.	[1, 1]
a.164.1.	[2, 2]
d.74.2.	[5, 4, 1]
a.168.1.	[3, 3]
g.16.2.	[4, 4]
c.25.1.	[35, 2, 3, 14, 12, 1, 3]
d.126.1.	[19, 1, 6, 1, 2, 1, 2, 2, 4]
a.121.1.	[39, 37, 2]
b.68.2.	[1, 1]
b.40.10.	[1, 1]
b.1.7.	[8, 8]
b.72.1.	[48, 9, 39]
b.161.1.	[1, 1]
a.7.10.	[1, 1]
g.41.10.	[2, 2]
a.24.15.	[8, 4, 4]
a.260.1.	[2, 2]
d.320.1.	[1, 1]
f.30.1.	[1, 1]
d.110.3.	[42, 4, 18, 4, 9, 2, 1, 1, 3]
a.269.1.	[2, 2]
d.51.1.	[45, 36, 9]
d.205.1.	[1, 1]
c.56.4.	[8, 4, 4]
c.23.2.	[7, 3, 4]
b.2.7.	[3, 2, 1]
c.10.3.	[1, 1]
d.151.1.	[22, 9, 9, 2, 2]
b.52.2.	[23, 6, 11, 2, 4]
d.275.1.	[2, 2]
b.50.1.	[86, 35, 1, 8, 42]
f.32.1.	[7, 2, 5]
d.373.1.	[1, 1]
d.124.1.	[10, 9, 1]
d.58.12.	[3, 3]
a.159.5.	[1, 1]
d.199.1.	[1, 1]
f.17.4.	[2, 2]
d.314.1.	[3, 3]
f.28.1.	[4, 4]
d.68.4.	[3, 3]
d.17.5.	[2, 2]
d.136.1.	[15, 2, 1, 2, 5, 4, 1]
f.23.41.	[1, 1]
f.23.30.	[1, 1]
a.4.13.	[14, 1, 2, 2, 9]
f.36.1.	[4, 4]
c.55.6.	[2, 2]
a.61.1.	[12, 2, 1, 1, 1, 1, 6]
d.16.1.	[30, 1, 3, 2, 9, 4, 4, 7]
d.58.26.	[15, 1, 3, 1, 2, 1, 3, 3, 1]
g.84.1.	[1, 1]
d.129.9.	[1, 1]
b.64.1.	[10, 10]
b.80.2.	[1, 1]
d.14.1.	[85, 2, 7, 16, 11, 1, 2, 22, 9, 3, 6, 1, 3, 2]
d.58.39.	[1, 1]
d.273.1.	[8, 3, 5]
a.109.1.	[1, 1]
b.30.5.	[26, 3, 2, 5, 2, 4, 2, 2, 1, 1, 1, 1, 2]
c.8.3.	[1, 1]
g.3.12.	[2, 2]
b.85.5.	[1, 1]
d.58.38.	[2, 2]
a.33.1.	[2, 2]
d.354.1.	[1, 1]
d.271.1.	[1, 1]
a.157.1.	[5, 1, 4]
g.86.1.	[1, 1]
d.332.1.	[2, 2]
a.25.6.	[1, 1]
b.132.1.	[3, 2, 1]
b.84.3.	[6, 1, 5]
d.130.1.	[31, 23, 8]
d.59.1.	[4, 4]
c.72.1.	[58, 13, 32, 3, 4, 4, 2]
b.1.16.	[7, 3, 4]
d.300.1.	[2, 1, 1]
b.24.1.	[6, 5, 1]
f.14.1.	[14, 14]
d.110.10.	[1, 1]
d.52.3.	[11, 11]
b.1.30.	[6, 4, 2]
a.118.19.	[2, 2]
a.31.1.	[6, 1, 5]
a.118.3.	[10, 6, 4]
a.181.1.	[1, 1]
d.356.1.	[1, 1]
f.24.1.	[5, 5]
f.26.1.	[9, 9]
c.142.1.	[1, 1]
a.222.1.	[1, 1]
b.70.1.	[10, 2, 8]
c.140.1.	[4, 2, 1, 1]
b.26.1.	[32, 2, 5, 7, 1, 17]
a.30.7.	[3, 3]
g.23.1.	[3, 3]
c.23.10.	[24, 10, 1, 1, 3, 1, 2, 1, 2, 1, 2]
d.304.1.	[2, 1, 1]
g.41.8.	[14, 1, 3, 1, 1, 3, 1, 1, 3]
b.171.1.	[5, 3, 2]
a.2.7.	[6, 1, 1, 1, 2, 1]
a.261.1.	[2, 2]
a.196.1.	[1, 1]
a.155.1.	[6, 6]
c.1.5.	[15, 8, 7]
f.20.1.	[2, 2]
a.209.1.	[3, 2, 1]
f.13.1.	[18, 7, 9, 2]
g.80.1.	[6, 6]
c.103.1.	[5, 5]
c.123.1.	[6, 4, 2]
c.1.25.	[1, 1]
b.74.1.	[22, 9, 13]
a.188.1.	[1, 1]
d.306.1.	[5, 3, 2]
a.183.1.	[4, 2, 2]
d.358.1.	[1, 1]
a.192.1.	[1, 1]
a.24.23.	[1, 1]
c.1.32.	[2, 2]
c.101.1.	[7, 3, 4]
a.102.3.	[7, 6, 1]
e.56.1.	[1, 1]
a.37.1.	[2, 2]
a.185.1.	[1, 1]
d.74.5.	[1, 1]
d.58.22.	[1, 1]
d.80.1.	[37, 1, 1, 1, 8, 1, 7, 18]
g.16.3.	[1, 1]
c.68.1.	[71, 1, 2, 3, 1, 6, 7, 3, 18, 1, 2, 1, 1, 2, 1, 15, 1, 3, 1, 1, 1]
a.47.1.	[3, 3]
g.60.1.	[2, 2]
g.21.1.	[4, 2, 2]
b.28.1.	[1, 1]
b.82.2.	[40, 2, 3, 2, 1, 5, 3, 2, 3, 7, 4, 1, 1, 1, 3, 1, 1]
b.76.1.	[6, 6]
b.1.6.	[29, 14, 14, 1]
b.40.13.	[2, 2]
b.68.3.	[2, 2]
a.187.1.	[2, 1, 1]
d.31.1.	[6, 6]
a.7.13.	[2, 2]
d.322.1.	[3, 1, 2]
d.33.1.	[5, 3, 2]
b.128.1.	[1, 1]
f.34.1.	[1, 1]
c.53.2.	[12, 8, 4]
d.82.1.	[1, 1]
c.80.1.	[36, 10, 8, 13, 5]
g.2.3.	[1, 1]
d.316.1.	[3, 1, 2]
a.53.1.	[7, 3, 4]
g.94.1.	[2, 2]
b.34.5.	[29, 3, 1, 3, 1, 5, 5, 6, 5]
g.62.1.	[1, 1]
b.2.8.	[3, 3]
b.69.8.	[3, 2, 1]
c.56.5.	[53, 2, 2, 6, 2, 2, 19, 2, 1, 13, 4]
c.23.3.	[1, 1]
a.93.1.	[38, 12, 18, 3, 5]
a.259.1.	[1, 1]
g.78.1.	[1, 1]
b.52.1.	[12, 2, 3, 2, 1, 4]
b.66.1.	[9, 6, 3]
a.34.2.	[5, 5]
d.324.1.	[2, 2]
f.23.4.	[1, 1]
a.45.1.	[123, 62, 60, 1]
g.66.1.	[6, 6]
a.51.1.	[1, 1]
d.371.1.	[1, 1]
a.159.2.	[10, 10]
b.105.1.	[5, 2, 2, 1]
e.46.1.	[1, 1]
d.12.1.	[11, 3, 4, 4]
f.17.5.	[1, 1]
c.74.1.	[8, 2, 4, 2]
f.23.22.	[1, 1]
a.69.1.	[12, 6, 6]
d.68.5.	[3, 3]
d.261.1.	[2, 1, 1]
a.38.2.	[1, 1]
d.186.2.	[1, 1]
e.44.1.	[1, 1]
b.180.1.	[1, 1]
f.23.40.	[2, 2]
f.23.31.	[1, 1]
a.55.1.	[16, 2, 5, 9]
c.107.1.	[7, 1, 5, 1]
a.47.2.	[9, 9]
d.198.4.	[3, 3]
c.55.5.	[7, 2, 4, 1]
g.88.2.	[3, 3]
b.130.1.	[7, 7]
g.95.1.	[5, 5]
d.129.6.	[7, 3, 3, 1]
b.80.3.	[1, 1]
d.347.1.	[4, 2, 2]
d.263.1.	[1, 1]
c.37.1.	[668, 32, 33, 33, 3, 1, 12, 2, 1, 60, 2, 4, 1, 1, 1, 42, 167, 57, 4, 1, 4, 17, 7, 2, 157, 24]
a.127.1.	[37, 3, 21, 13]
d.88.1.	[5, 5]
c.8.2.	[9, 3, 4, 1, 1]
d.326.1.	[4, 3, 1]
g.3.11.	[87, 8, 57, 3, 2, 11, 2, 3, 1]
f.1.3.	[6, 5, 1]
a.153.1.	[4, 4]
b.85.4.	[37, 22, 15]
a.4.3.	[11, 8, 3]
d.330.1.	[1, 1]
c.92.1.	[7, 1, 1, 4, 1]
f.22.1.	[1, 1]
e.58.1.	[1, 1]
d.78.1.	[3, 3]
g.74.1.	[5, 5]
c.76.1.	[12, 1, 1, 4, 1, 1, 4]
g.76.1.	[2, 2]
g.41.1.	[3, 3]
b.177.1.	[1, 1]
b.56.1.	[5, 5]
b.1.17.	[2, 2]
a.263.1.	[1, 1]
e.50.1.	[3, 3]
b.159.2.	[2, 2]
a.190.1.	[3, 3]
d.269.1.	[4, 4]
b.175.1.	[1, 1]
d.286.1.	[2, 2]
b.1.31.	[2, 2]
a.137.11.	[1, 1]
b.40.1.	[11, 11]
c.31.1.	[30, 1, 4, 7, 3, 8, 6, 1]
a.65.1.	[21, 19, 2]
a.19.1.	[3, 3]
c.125.1.	[1, 1]
g.70.1.	[1, 1]
g.43.1.	[11, 10, 1]
d.43.2.	[1, 1]
d.255.1.	[2, 2]
a.30.4.	[1, 1]
c.6.2.	[21, 3, 1, 2, 3, 1, 6, 2, 2, 1]
g.82.1.	[1, 1]
a.2.6.	[3, 3]
b.42.2.	[46, 10, 34, 1, 1]
d.336.1.	[1, 1]
d.104.1.	[51, 1, 6, 2, 33, 9]
c.1.2.	[88, 11, 27, 15, 5, 2, 23, 5]
d.220.1.	[5, 5]
b.138.1.	[3, 1, 2]
c.127.1.	[1, 1]
a.224.1.	[1, 1]
g.8.1.	[51, 2, 3, 29, 17]
d.334.1.	[1, 1]
d.100.2.	[3, 1, 2]
d.222.1.	[6, 3, 3]
d.112.1.	[10, 1, 5, 4]
a.226.1.	[1, 1]
c.1.26.	[4, 4]
b.46.1.	[10, 1, 5, 4]
c.1.31.	[4, 2, 2]
e.52.1.	[8, 2, 2, 4]
a.24.22.	[2, 2]
d.284.1.	[6, 2, 3, 1]
d.317.1.	[1, 1]
c.59.1.	[8, 2, 4, 2]
e.61.1.	[1, 1]
e.63.1.	[2, 1, 1]
a.2.9.	[2, 2]
d.74.4.	[5, 1, 4]
b.44.1.	[14, 10, 4]
g.64.1.	[2, 2]
b.103.1.	[5, 5]
b.61.3.	[2, 2]
c.82.1.	[64, 46, 17, 1]
c.98.2.	[3, 1, 2]
a.95.1.	[2, 2]
d.257.1.	[1, 1]
c.12.1.	[5, 5]
a.7.12.	[5, 4, 1]
b.40.12.	[1, 1]
b.1.5.	[8, 8]
b.72.3.	[1, 1]
b.68.4.	[2, 2]
d.180.1.	[1, 1]
b.34.3.	[7, 1, 6]
a.57.1.	[1, 1]
a.24.17.	[2, 2]
g.2.2.	[1, 1]
b.155.1.	[3, 3]
d.110.1.	[13, 2, 11]
b.96.1.	[8, 6, 2]
d.182.1.	[1, 1]
c.119.1.	[14, 2, 10, 2]
b.2.9.	[1, 1]
c.10.1.	[10, 6, 1, 2, 1]
d.110.6.	[8, 2, 4, 2]
a.97.1.	[7, 5, 1, 1]
e.42.1.	[1, 1]
f.57.1.	[1, 1]
c.56.6.	[2, 2]
c.148.1.	[1, 1]
d.209.1.	[1, 1]
d.184.1.	[8, 3, 1, 2, 2]
a.236.1.	[2, 1, 1]
c.84.1.	[9, 9]
a.34.3.	[1, 1]
a.147.1.	[1, 1]
d.167.1.	[27, 10, 17]
b.101.1.	[1, 1]
d.79.1.	[32, 4, 17, 11]
a.11.2.	[12, 10, 2]
d.58.10.	[22, 10, 7, 5]
a.159.3.	[1, 1]
c.70.1.	[9, 5, 4]
a.288.1.	[3, 3]
b.71.1.	[75, 44, 23, 6, 1, 1]
b.121.4.	[127, 1, 2, 14, 5, 6, 6, 1, 10, 71, 11]
d.58.24.	[2, 2]
d.128.1.	[23, 1, 5, 2, 11, 3, 1]
b.112.1.	[2, 2]
a.69.2.	[2, 2]
d.1.1.	[16, 5, 1, 3, 7]
b.109.1.	[5, 5]
a.202.1.	[2, 2]
b.23.4.	[2, 2]
b.157.1.	[4, 1, 3]
f.23.32.	[1, 1]
c.55.4.	[12, 7, 2, 3]
b.151.1.	[4, 4]
b.61.8.	[1, 1]
g.3.10.	[7, 5, 2]
c.33.1.	[28, 21, 7]
a.176.1.	[1, 1]
d.129.7.	[2, 2]
g.72.1.	[3, 3]
a.30.1.	[8, 8]
e.28.1.	[2, 1, 1]
d.186.1.	[1, 1]
a.234.1.	[1, 1]
f.23.18.	[2, 2]
d.15.3.	[13, 1, 2, 5, 3, 2]
d.58.9.	[20, 9, 11]
c.8.1.	[4, 1, 3]
f.1.2.	[1, 1]
b.153.1.	[2, 1, 1]
d.238.1.	[1, 1]
d.190.1.	[15, 3, 1, 10, 1]
b.68.11.	[4, 1, 3]
a.7.6.	[2, 2]
a.129.1.	[7, 4, 3]
a.4.2.	[4, 1, 3]
c.121.1.	[11, 4, 7]
f.38.1.	[2, 1, 1]
a.63.1.	[2, 2]
d.58.7.	[208, 3, 1, 71, 130, 2, 1]
c.90.1.	[13, 10, 3]
a.24.5.	[4, 4]
g.41.2.	[10, 2, 8]
a.200.1.	[1, 1]
d.170.1.	[2, 1, 1]
g.33.1.	[1, 1]
d.81.3.	[2, 2]
e.54.1.	[1, 1]
b.84.1.	[26, 19, 7]
a.206.1.	[1, 1]
d.25.1.	[3, 1, 2]
b.38.5.	[1, 1]
d.41.1.	[9, 1, 8]
c.23.16.	[60, 1, 2, 1, 1, 12, 1, 16, 22, 2, 2]
a.137.10.	[1, 1]
d.196.1.	[1, 1]
b.169.1.	[4, 4]
c.64.1.	[1, 1]
d.267.1.	[2, 1, 1]
a.220.1.	[1, 1]
a.204.1.	[17, 4, 2, 5, 1, 5]
d.174.1.	[9, 9]
d.43.1.	[5, 5]
d.45.1.	[6, 3, 3]
a.7.2.	[4, 1, 3]
a.118.23.	[1, 1]
f.59.1.	[1, 1]
c.96.1.	[2, 2]
a.118.1.	[78, 2, 1, 2, 3, 1, 1, 2, 1, 1, 3, 1, 1, 1, 2, 10, 17, 1, 2, 3, 11, 2, 2, 3, 1, 3, 1]
b.42.3.	[2, 2]
c.1.3.	[3, 1, 2]
a.2.5.	[2, 2]
d.328.1.	[2, 2]
f.51.1.	[2, 2]
a.102.1.	[40, 4, 1, 7, 3, 16, 3, 2, 2, 1, 1]
d.249.1.	[1, 1]
c.94.1.	[245, 81, 141, 2, 21]
a.100.1.	[58, 3, 1, 3, 1, 1, 3, 4, 30, 6, 2, 1, 2, 1]
a.29.8.	[3, 2, 1]
a.91.1.	[32, 19, 13]
a.214.1.	[1, 1]
c.1.30.	[2, 1, 1]
a.30.5.	[1, 1]
d.159.1.	[35, 2, 1, 1, 2, 1, 5, 2, 5, 3, 7, 3, 2, 1]
b.58.1.	[8, 2, 6]
d.198.2.	[3, 3]
b.90.1.	[1, 1]
d.194.1.	[7, 1, 5, 1]
b.107.1.	[3, 3]
b.34.18.	[1, 1]
d.168.1.	[9, 9]
b.72.2.	[3, 3]
b.1.4.	[12, 1, 11]
d.230.3.	[3, 2, 1]
a.8.1.	[23, 17, 1, 5]
g.41.11.	[11, 11]
d.346.1.	[1, 1]
b.69.5.	[2, 1, 1]
b.92.1.	[35, 1, 3, 5, 3, 2, 1, 2, 3, 1, 9, 4, 1]
a.104.1.	[76, 50, 26]
g.41.15.	[1, 1]
b.110.1.	[2, 2]
c.1.27.	[2, 2]
d.47.1.	[5, 5]
c.46.1.	[26, 3, 4, 14, 3, 2]
a.7.15.	[2, 2]
a.141.1.	[2, 2]
a.216.1.	[3, 3]
b.68.5.	[2, 2]
a.28.2.	[9, 9]
b.69.9.	[1, 1]
d.75.1.	[3, 3]
b.34.2.	[207, 101, 106]
d.77.1.	[12, 5, 3, 4]
c.114.1.	[10, 3, 6, 1]
d.350.1.	[1, 1]
a.143.1.	[5, 2, 3]
b.36.1.	[195, 2, 2, 70, 113, 1, 5, 2]
d.312.1.	[1, 1]
f.53.1.	[1, 1]
e.29.1.	[7, 4, 3]
c.1.8.	[260, 1, 3, 65, 64, 65, 4, 6, 20, 22, 1, 1, 2, 1, 1, 4]
c.56.7.	[2, 2]
d.307.1.	[1, 1]
a.232.1.	[1, 1]
c.154.1.	[3, 3]
d.305.1.	[4, 1, 3]
d.71.1.	[1, 1]
a.184.1.	[5, 5]
d.90.1.	[35, 22, 12, 1]
b.20.1.	[2, 2]
a.60.13.	[2, 2]
c.120.1.	[17, 8, 2, 7]
d.198.5.	[2, 1, 1]
d.228.1.	[2, 2]
a.170.1.	[2, 2]
d.79.2.	[14, 5, 9]
b.77.1.	[1, 1]
d.58.11.	[14, 1, 9, 2, 2]
a.69.3.	[2, 2]
b.82.1.	[91, 2, 2, 4, 2, 1, 3, 1, 2, 4, 1, 3, 2, 2, 1, 3, 13, 9, 22, 4, 1, 1, 1, 3, 2, 2]
d.3.1.	[116, 2, 1, 1, 1, 1, 1, 1, 1, 2, 1, 1, 1, 1, 5, 1, 6, 3, 6, 6, 6, 1, 48, 19]
g.48.1.	[1, 1]
f.23.33.	[1, 1]
a.39.4.	[1, 1]
g.35.1.	[9, 9]
a.172.1.	[3, 3]
a.59.1.	[4, 4]
d.372.1.	[2, 2]
f.3.1.	[10, 8, 2]
d.58.58.	[7, 3, 4]
g.3.17.	[1, 1]
f.23.9.	[1, 1]
d.5.1.	[38, 31, 7]
g.68.1.	[23, 2, 19, 2]
g.37.1.	[195, 5, 1, 1, 1, 8, 173, 5, 1]
b.88.1.	[10, 1, 2, 1, 2, 4]
d.23.1.	[3, 1, 2]
b.22.1.	[34, 25, 9]
b.30.2.	[5, 5]
d.368.1.	[1, 1]
d.94.2.	[1, 1]
a.186.1.	[5, 4, 1]
d.58.8.	[8, 8]
f.23.19.	[1, 1]
d.73.1.	[17, 17]
c.54.1.	[9, 2, 5, 2]
d.96.1.	[24, 4, 4, 4, 8, 4]
f.1.1.	[4, 4]
c.146.1.	[2, 2]
e.75.1.	[2, 2]
f.7.1.	[3, 3]
e.11.1.	[8, 2, 6]
d.15.2.	[26, 19, 2, 5]
b.68.10.	[4, 2, 2]
d.58.6.	[39, 31, 8]
a.242.1.	[1, 1]
d.84.1.	[2, 1, 1]
d.370.1.	[3, 3]
b.148.1.	[3, 3]
a.24.4.	[4, 4]
g.41.3.	[13, 7, 2, 2, 1, 1]
b.18.1.	[107, 2, 2, 1, 1, 3, 1, 2, 2, 1, 1, 3, 1, 8, 5, 9, 5, 27, 2, 2, 2, 6, 1, 1, 1, 5, 1, 1, 3, 2, 1, 1, 2, 1, 1]
b.80.1.	[32, 1, 1, 3, 1, 2, 1, 6, 5, 8, 2, 1, 1]
a.90.1.	[1, 1]
d.170.2.	[1, 1]
d.21.1.	[34, 17, 6, 7, 2, 2]
e.13.1.	[2, 1, 1]
b.3.5.	[3, 3]
b.40.5.	[18, 9, 9]
e.15.1.	[2, 2]
a.60.9.	[3, 3]
d.375.1.	[1, 1]
b.38.4.	[2, 2]
d.58.56.	[16, 10, 6]
c.92.3.	[1, 1]
c.138.1.	[1, 1]
a.162.1.	[3, 3]
f.23.7.	[1, 1]
d.7.1.	[3, 1, 2]
b.34.15.	[1, 1]
a.160.1.	[10, 1, 2, 2, 1, 1, 1, 2]
d.17.4.	[92, 1, 1, 2, 1, 5, 1, 1, 2, 2, 1, 1, 1, 5, 2, 1, 1, 2, 1, 2, 1, 1, 1, 4, 9, 1, 10, 5, 15, 2, 5, 5]
a.7.3.	[6, 6]
d.95.2.	[21, 4, 2, 15]
d.86.1.	[9, 2, 6, 1]
a.137.13.	[1, 1]
f.5.1.	[4, 2, 2]
c.88.1.	[14, 3, 11]
c.40.1.	[1, 1]
f.55.1.	[2, 2]
b.94.1.	[1, 1]
a.48.5.	[1, 1]
d.92.1.	[95, 1, 10, 6, 1, 20, 1, 6, 8, 1, 6, 1, 18, 2, 4, 2, 4, 1, 3]
b.122.1.	[47, 1, 2, 1, 4, 1, 1, 1, 3, 10, 5, 5, 3, 3, 7]
a.29.9.	[1, 1]
b.1.23.	[4, 4]
g.53.1.	[4, 4]
d.94.1.	[12, 1, 11]
c.42.1.	[19, 7, 8, 4]
a.244.1.	[1, 1]
e.17.1.	[12, 7, 5]
a.30.2.	[5, 2, 3]
a.145.1.	[2, 2]
a.118.12.	[2, 2]
a.18.1.	[1, 1]
d.57.1.	[1, 1]
d.344.1.	[6, 2, 2, 1, 1]
d.55.1.	[4, 4]
c.6.3.	[3, 1, 2]
g.81.1.	[3, 3]
e.27.1.	[1, 1]
d.230.2.	[4, 2, 2]
d.234.1.	[1, 1]
e.5.1.	[14, 1, 12, 1]
b.69.4.	[25, 3, 1, 14, 7]
d.338.1.	[2, 2]
c.152.1.	[1, 1]
a.75.1.	[4, 4]
b.76.2.	[4, 4]
d.18.1.	[12, 3, 1, 4, 2, 2]
a.28.1.	[34, 3, 1, 14, 16]
c.1.20.	[3, 3]
b.68.6.	[6, 4, 1, 1]
a.71.2.	[2, 2]
a.118.26.	[3, 2, 1]
c.1.19.	[6, 1, 1, 2, 2]
a.88.1.	[1, 1]
a.24.11.	[4, 4]
a.36.1.	[5, 5]
a.257.1.	[2, 2]
b.34.1.	[13, 3, 8, 2]
g.83.1.	[4, 2, 2]
d.382.1.	[2, 2]
a.174.1.	[3, 3]
b.48.1.	[1, 1]
a.14.1.	[8, 6, 2]
b.68.8.	[2, 1, 1]
d.342.1.	[1, 1]
d.75.2.	[3, 3]
c.150.1.	[4, 2, 1, 1]
g.51.1.	[2, 2]
a.77.1.	[25, 11, 5, 4, 2, 3]
g.77.1.	[2, 2]
c.39.1.	[4, 2, 2]
c.52.1.	[55, 1, 1, 1, 1, 2, 1, 2, 2, 4, 1, 4, 1, 1, 2, 2, 2, 1, 1, 1, 1, 2, 1, 3, 1, 1, 2, 1, 1, 2, 1, 1, 1, 1, 4, 1]
d.247.1.	[1, 1]
a.34.1.	[2, 2]
b.32.1.	[1, 1]
a.137.8.	[3, 3]
c.128.1.	[1, 1]
d.79.3.	[21, 12, 2, 3, 4]
a.60.3.	[6, 6]
a.73.1.	[16, 2, 14]
f.21.2.	[9, 1, 8]
d.82.4.	[1, 1]
g.55.1.	[1, 1]
b.86.1.	[9, 6, 1, 2]
g.31.1.	[2, 1, 1]
d.58.16.	[4, 1, 2, 1]
a.159.1.	[1, 1]
d.232.1.	[2, 2]
b.77.2.	[7, 2, 5]
d.198.3.	[2, 2]
a.69.4.	[3, 3]
d.68.8.	[1, 1]
d.166.1.	[32, 1, 3, 16, 8, 1, 1, 1, 1]
b.61.1.	[22, 8, 14]
c.66.1.	[204, 1, 1, 1, 2, 1, 1, 1, 4, 1, 2, 3, 7, 4, 2, 2, 3, 8, 6, 1, 2, 2, 3, 1, 1, 1, 3, 1, 1, 3, 2, 5, 1, 1, 6, 3, 2, 1, 3, 1, 2, 2, 1, 5, 5, 1, 5, 2, 1, 3, 1, 1, 4, 58, 6, 4, 5, 1, 3]
d.309.1.	[3, 3]
d.245.1.	[2, 2]
c.144.1.	[1, 1]
d.27.1.	[3, 3]
c.58.1.	[46, 8, 1, 9, 21, 4, 3]
e.73.1.	[1, 1]
d.298.1.	[6, 2, 1, 3]
a.198.1.	[1, 1]
b.129.1.	[6, 1, 3, 2]
a.92.1.	[1, 1]
d.153.2.	[1, 1]
d.340.1.	[1, 1]
e.23.1.	[20, 9, 11]
b.173.1.	[1, 1]
d.58.59.	[2, 2]
c.8.7.	[5, 4, 1]
g.3.16.	[3, 3]
f.23.8.	[2, 2]
d.210.1.	[6, 3, 3]
d.129.5.	[1, 1]
d.164.1.	[3, 2, 1]
c.86.1.	[15, 3, 12]
a.279.1.	[1, 1]
c.50.1.	[17, 2, 7, 8]
a.38.1.	[12, 12]
g.27.1.	[8, 1, 7]
g.89.1.	[2, 2]
c.7.1.	[8, 3, 2, 1, 1, 1]
e.71.1.	[1, 1]
a.281.1.	[4, 1, 3]
a.283.1.	[3, 3]
a.98.1.	[2, 2]
b.81.2.	[2, 2]
d.58.5.	[41, 12, 13, 12, 2, 1, 1]
d.241.2.	[3, 3]
a.24.7.	[2, 2]
b.80.6.	[1, 1]
f.45.1.	[2, 2]
d.243.1.	[3, 1, 2]
g.25.1.	[1, 1]
d.192.1.	[1, 1]
d.224.1.	[13, 5, 2, 3, 3]
b.3.4.	[12, 6, 6]
c.62.1.	[23, 1, 1, 2, 1, 4, 14]
a.60.8.	[11, 2, 3, 3, 1, 2]
d.41.3.	[4, 1, 3]
b.150.1.	[1, 1]
d.378.1.	[2, 2]
a.287.1.	[2, 1, 1]
b.1.18.	[172, 1, 1, 5, 1, 43, 13, 26, 2, 9, 1, 2, 3, 8, 4, 1, 1, 30, 5, 5, 2, 4, 3, 1, 1]
d.58.57.	[5, 5]
c.92.2.	[38, 3, 22, 1, 6, 6]
b.124.1.	[7, 3, 4]
d.162.1.	[65, 7, 34, 24]
c.60.1.	[32, 3, 8, 12, 9]
c.109.1.	[10, 6, 4]
c.44.1.	[22, 13, 9]
f.23.6.	[1, 1]
c.3.1.	[103, 9, 57, 2, 1, 5, 23, 4, 2]
c.1.1.	[32, 12, 20]
a.60.14.	[3, 2, 1]
d.178.1.	[8, 8]
a.240.1.	[2, 2]
a.251.1.	[1, 1]
b.152.1.	[1, 1]
d.290.1.	[8, 2, 1, 1, 4]
a.137.12.	[1, 1]
a.175.1.	[2, 2]
a.48.4.	[5, 5]
b.126.1.	[1, 1]
b.69.14.	[2, 2]
d.264.1.	[5, 1, 1, 3]
d.146.1.	[4, 2, 2]
c.1.6.	[10, 9, 1]
d.172.1.	[4, 4]
a.207.1.	[2, 2]
a.178.1.	[1, 1]
d.202.1.	[2, 2]
e.48.1.	[1, 1]
a.30.3.	[1, 1]
d.81.1.	[50, 1, 8, 2, 12, 27]
a.118.13.	[1, 1]
d.52.9.	[2, 1, 1]
a.285.1.	[2, 2]
d.142.2.	[16, 6, 2, 2, 3, 2, 1]
a.3.1.	[117, 2, 4, 8, 6, 7, 4, 24, 60, 2]
